1.000000000 0.000000000 0.000000000 0.000000000 0.000000000 1.000000000 0.000000000 0.000000000 0.000000000 0.000000000 1.000000000 0.000000000
0.999998629 0.000806246 0.001459250 -0.006333694 -0.000799565 0.999989212 -0.004572940 -0.002194493 -0.001462921 0.004571767 0.999988496 0.963966489
0.999996662 -0.001446192 0.002148530 -0.002601504 0.001457682 0.999984622 -0.005356062 -0.000818475 -0.002140751 0.005359176 0.999983370 1.918664575
0.999993205 -0.002580733 0.002640103 -0.009708755 0.002584000 0.999995887 -0.001234915 -0.005143178 -0.002636905 0.001241728 0.999995768 2.853840590
0.999985218 -0.005048533 0.002030961 -0.007504391 0.005038464 0.999975085 0.004933218 -0.008692630 -0.002055816 -0.004922912 0.999985695 3.801571608
0.999962509 -0.008651198 0.000423116 -0.004046727 0.008648951 0.999949813 0.005052008 -0.005634423 -0.000466800 -0.005048158 0.999987125 4.739713669
0.999937534 -0.011170750 -0.000075972 -0.008817419 0.011170886 0.999935329 0.002124695 -0.003853112 0.000052233 -0.002125411 0.999997735 5.667922497
0.999929011 -0.011869568 -0.001015846 -0.012717374 0.011867993 0.999928355 -0.001544493 0.002247973 0.001034106 0.001532327 0.999998331 6.592973709
0.999932945 -0.011483851 -0.001470112 -0.019442972 0.011481239 0.999932647 -0.001773181 -0.003897692 0.001490375 0.001756183 0.999997258 7.521438599
0.999931514 -0.011420198 -0.002554770 -0.028580796 0.011420715 0.999934793 0.000187197 -0.003647177 0.002552465 -0.000216361 0.999996722 8.434239388
0.999934852 -0.011043373 -0.002931383 -0.038912732 0.011051305 0.999935210 0.002702835 0.002336236 0.002901344 -0.002735053 0.999992073 9.378403664
0.999928951 -0.011282265 -0.003864750 -0.047655124 0.011298660 0.999927163 0.004246582 0.004717156 0.003816558 -0.004289946 0.999983549 10.299660683
0.999913633 -0.012366132 -0.004454037 -0.051736731 0.012388797 0.999910235 0.005097623 0.006537206 0.004390599 -0.005152363 0.999977112 11.215127945
0.999903798 -0.012766384 -0.005423781 -0.058396697 0.012795824 0.999903321 0.005428549 0.006131772 0.005353955 -0.005497429 0.999970555 12.128855705
0.999897897 -0.012945491 -0.006044784 -0.065144055 0.012968334 0.999908805 0.003755642 0.012772992 0.005995614 -0.003833650 0.999974668 13.025412560
0.999886990 -0.013318699 -0.006974067 -0.085365951 0.013330938 0.999909639 0.001711498 0.018175295 0.006950641 -0.001804275 0.999974251 13.936858177
0.999852479 -0.014697697 -0.008890793 -0.087279327 0.014700104 0.999891937 0.000205451 0.024409033 0.008886813 -0.000336116 0.999960423 14.837141037
0.999835074 -0.014644771 -0.010736814 -0.098821670 0.014644538 0.999892771 -0.000100248 0.017859483 0.010737131 -0.000057004 0.999942362 15.740173340
0.999843895 -0.013177449 -0.011768865 -0.126364127 0.013167217 0.999912918 -0.000946276 0.018518141 0.011780309 0.000791165 0.999930382 16.642978668
0.999836743 -0.011569679 -0.013877743 -0.137353808 0.011559349 0.999932826 -0.000824283 0.016827811 0.013886348 0.000663731 0.999903381 17.537332535
0.999812841 -0.012506523 -0.014761086 -0.162385315 0.012510165 0.999921799 0.000154381 0.013436926 0.014757998 -0.000339016 0.999891043 18.432481766
0.999797344 -0.011777787 -0.016327087 -0.177148923 0.011801986 0.999929309 0.001386677 0.015610755 0.016309604 -0.001579088 0.999865711 19.315370560
0.999772489 -0.011466961 -0.017989008 -0.194039688 0.011497147 0.999932647 0.001575495 0.021917922 0.017969733 -0.001781959 0.999836922 20.200956345
0.999728680 -0.012776010 -0.019479819 -0.215593800 0.012814570 0.999916077 0.001855967 0.019285522 0.019454475 -0.002105088 0.999808490 21.077014923
0.999687612 -0.012623146 -0.021574982 -0.235462427 0.012645299 0.999919593 0.000890633 0.023477271 0.021562003 -0.001163176 0.999766886 21.951631546
0.999679446 -0.012435468 -0.022053842 -0.259412944 0.012473702 0.999920905 0.001597000 0.019611923 0.022032235 -0.001871581 0.999755502 22.809793472
0.999652624 -0.012318394 -0.023299195 -0.280999303 0.012398470 0.999917746 0.003295628 0.025144145 0.023256684 -0.003583358 0.999723136 23.666994095
0.999626100 -0.013394894 -0.023840170 -0.302797884 0.013544829 0.999889433 0.006138871 0.027623966 0.023755308 -0.006459487 0.999696851 24.509944916
0.999611080 -0.013032340 -0.024654288 -0.326111257 0.013227917 0.999882102 0.007786324 0.028132513 0.024549911 -0.008109421 0.999665737 25.352481842
0.999606848 -0.012571375 -0.025063124 -0.355861515 0.012735223 0.999898493 0.006388572 0.034271836 0.024980266 -0.006705243 0.999665499 26.184177399
0.999606609 -0.010727750 -0.025913922 -0.383195639 0.010833316 0.999933481 0.003936655 0.035873152 0.025869973 -0.004215838 0.999656498 26.998783112
0.999587595 -0.010572539 -0.026696594 -0.406850666 0.010638314 0.999940693 0.002323029 0.036414724 0.026670450 -0.002606079 0.999640882 27.790925980
0.999567151 -0.009708204 -0.027767271 -0.433734477 0.009764660 0.999950409 0.001898287 0.040063724 0.027747467 -0.002168604 0.999612629 28.586969376
0.999544621 -0.009331521 -0.028693596 -0.464930326 0.009374785 0.999955058 0.001373727 0.040152926 0.028679486 -0.001642097 0.999587297 29.370603561
0.999468267 -0.009672251 -0.031139780 -0.484797537 0.009699523 0.999952674 0.000724932 0.036123186 0.031131295 -0.001026587 0.999514759 30.163137436
0.999400973 -0.010040135 -0.033122942 -0.513747096 0.010070518 0.999948978 0.000750571 0.035534143 0.033113718 -0.001083686 0.999450982 30.928527832
0.999344826 -0.009574221 -0.034904692 -0.546649158 0.009639357 0.999952137 0.001698273 0.041242786 0.034886762 -0.002033619 0.999389172 31.690177917
0.999252737 -0.010128571 -0.037300553 -0.568592072 0.010281757 0.999939382 0.003917249 0.041817486 0.037258614 -0.004297837 0.999296427 32.447101593
0.999181330 -0.009117391 -0.039415475 -0.599672854 0.009330597 0.999942720 0.005228592 0.046126530 0.039365552 -0.005592082 0.999209225 33.185810089
0.999131083 -0.007757592 -0.040948313 -0.642196000 0.007988599 0.999952972 0.005480864 0.046283633 0.040903877 -0.005803221 0.999146283 33.909099579
0.999077141 -0.005128537 -0.042642862 -0.685944021 0.005343516 0.999973595 0.004928922 0.043737710 0.042616457 -0.005152236 0.999078155 34.630947113
0.998991966 -0.003574184 -0.044745348 -0.716125071 0.003761587 0.999984622 0.004104690 0.050570413 0.044729982 -0.004268865 0.998989999 35.341545105
0.998914897 -0.003105025 -0.046468269 -0.744904757 0.003341077 0.999981940 0.005003046 0.058194935 0.046451893 -0.005152871 0.998907208 36.054885864
0.998887837 -0.001778405 -0.047118235 -0.793170929 0.002115067 0.999972582 0.007096153 0.057051092 0.047104336 -0.007187919 0.998864055 36.741264343
0.998861790 0.000660235 -0.047694411 -0.826191545 -0.000293733 0.999970436 0.007690996 0.059816256 0.047698084 -0.007668233 0.998832345 37.420967102
0.998926878 0.004160563 -0.046125181 -0.870275915 -0.003913447 0.999977529 0.005446509 0.062366083 0.046146803 -0.005260156 0.998920858 38.087360382
0.998997271 0.005724126 -0.044403248 -0.902765751 -0.005611966 0.999980867 0.002650195 0.058606133 0.044417560 -0.002398349 0.999010086 38.739143372
0.999069154 0.005867227 -0.042736795 -0.926259816 -0.005850666 0.999982834 0.000512586 0.066866115 0.042739071 -0.000262071 0.999086201 39.386123657
0.999217987 0.007051625 -0.038905658 -0.966948986 -0.007002624 0.999974608 0.001395624 0.068447255 0.038914505 -0.001122091 0.999241829 40.021472931
0.999275386 0.011897910 -0.036155306 -0.992273808 -0.011749371 0.999921799 0.004318074 0.067813404 0.036203854 -0.003890143 0.999336839 40.658702850
0.999341547 0.016166478 -0.032480553 -1.013632536 -0.015933296 0.999845505 0.007425257 0.072868705 0.032595571 -0.006902845 0.999444783 41.293403625
0.999382436 0.020904606 -0.028241785 -1.036575198 -0.020675031 0.999751031 0.008396645 0.076491654 0.028410286 -0.007807560 0.999565840 41.900573730
0.999430835 0.024794171 -0.022872854 -1.057783961 -0.024601536 0.999659777 0.008665244 0.082911134 0.023079924 -0.008097605 0.999700785 42.482830048
0.999447227 0.028702391 -0.016771965 -1.081150889 -0.028527932 0.999537230 0.010550153 0.091065377 0.017067017 -0.010065850 0.999803722 43.058437347
0.999382854 0.033508126 -0.010536274 -1.084575653 -0.033381954 0.999371469 0.011930638 0.086935431 0.010929424 -0.011571553 0.999873340 43.610248566
0.999316335 0.036800809 -0.003543904 -1.089392424 -0.036757749 0.999257743 0.011531381 0.091598094 0.003965636 -0.011393232 0.999927282 44.142059326
0.999183357 0.040218238 0.003859220 -1.093337178 -0.040261302 0.999119282 0.011818556 0.090333432 -0.003380497 -0.011964284 0.999922693 44.651142120
0.998963356 0.044175018 0.010996179 -1.087295651 -0.044295982 0.998957753 0.011010893 0.097713202 -0.010498312 -0.011486565 0.999878943 45.147483826
0.998654544 0.048300721 0.018875130 -1.085916519 -0.048461806 0.998791635 0.008172022 0.102432370 -0.018457605 -0.009075751 0.999788404 45.616317749
0.998355925 0.050616480 0.026895713 -1.076873183 -0.050780170 0.998695076 0.005437869 0.098718941 -0.026585367 -0.006794698 0.999623477 46.070026398
0.998092294 0.050982151 0.034820549 -1.061303854 -0.051192563 0.998675406 0.005177716 0.101399317 -0.034510456 -0.006950392 0.999380171 46.499420166
0.997826576 0.050152417 0.042743832 -1.036442041 -0.050474472 0.998704314 0.006488235 0.103552923 -0.042363048 -0.008631605 0.999065042 46.896724701
0.997352004 0.052198801 0.050639428 -1.015274048 -0.052634858 0.998587072 0.007315254 0.105111152 -0.050186031 -0.009961282 0.998690248 47.286716461
0.996700764 0.055155355 0.059544183 -1.002494335 -0.055699304 0.998419344 0.007513194 0.102868080 -0.059035670 -0.010804975 0.998197377 47.645160675
0.995885372 0.060081471 0.067842238 -0.970665455 -0.060680397 0.998133957 0.006800413 0.106150955 -0.067307062 -0.010889126 0.997672856 47.970104218
0.994979739 0.063828744 0.077079482 -0.954955339 -0.064556420 0.997889638 0.006983555 0.102280378 -0.076471053 -0.011924472 0.997000456 48.270698547
0.994246364 0.063063554 0.086585641 -0.926489830 -0.063963301 0.997922897 0.007654076 0.100732535 -0.085923098 -0.013148341 0.996214926 48.556995392
0.993340492 0.061914321 0.097165741 -0.890340805 -0.062768154 0.998011529 0.005752441 0.100084841 -0.096616380 -0.011813048 0.995251596 48.827892303
0.992196202 0.060572922 0.108985484 -0.852225304 -0.061092801 0.998131037 0.001434284 0.097574070 -0.108694896 -0.008081321 0.994042337 49.092716217
0.990602791 0.061451193 0.122187592 -0.809172153 -0.061564811 0.998099029 -0.002848916 0.101252198 -0.122130401 -0.004700312 0.992502928 49.358264923
0.988463581 0.063001521 0.137733638 -0.770133495 -0.062904559 0.998006761 -0.005061086 0.099958494 -0.137777984 -0.003661373 0.990456402 49.623325348
0.985970914 0.064869106 0.153796107 -0.718914509 -0.064663835 0.997886956 -0.006341846 0.095798612 -0.153882504 -0.003692174 0.988082230 49.871200562
0.983163297 0.065292031 0.170666203 -0.664072990 -0.064973861 0.997859061 -0.007455123 0.092826337 -0.170787573 -0.003759239 0.985300720 50.124622345
0.979894102 0.064334646 0.188861519 -0.605834007 -0.063831128 0.997922361 -0.008753676 0.091923028 -0.189032301 -0.003477569 0.981964707 50.377166748
0.975975215 0.063870780 0.208309561 -0.539553642 -0.063377716 0.997948647 -0.009047467 0.091134340 -0.208460107 -0.004372082 0.978021145 50.634319305
0.971515000 0.063718677 0.228250921 -0.462430954 -0.063067198 0.997957647 -0.010154678 0.086217046 -0.228431791 -0.004529722 0.973549366 50.861289978
0.966181040 0.066067889 0.249257088 -0.388056755 -0.065017797 0.997806430 -0.012452999 0.083694816 -0.249533072 -0.004174294 0.968357265 51.091072083
0.959941149 0.067298286 0.271999657 -0.300856590 -0.065790027 0.997725606 -0.014671634 0.082368970 -0.272368431 -0.003810959 0.962185562 51.345481873
0.952685595 0.068640321 0.296105862 -0.206874847 -0.066997133 0.997629523 -0.015705252 0.071768701 -0.296481967 -0.004876077 0.955026031 51.578861237
0.944112420 0.071449131 0.321787000 -0.108714104 -0.069839872 0.997420728 -0.016558073 0.064784825 -0.322140127 -0.006840879 0.946667314 51.817565918
0.934284866 0.073368490 0.348896682 0.000875473 -0.071727753 0.997268260 -0.017638223 0.056354880 -0.349237710 -0.008546448 0.936995149 52.053668976
0.923082352 0.074130870 0.377390325 0.121225357 -0.072259918 0.997202277 -0.019135656 0.050728798 -0.377753079 -0.009606408 0.925856590 52.292415619
0.910484076 0.072126187 0.407205880 0.263984680 -0.069494732 0.997355580 -0.021270845 0.042079687 -0.407663226 -0.008931896 0.913088739 52.529941559
0.895508230 0.069672853 0.439557195 0.407167435 -0.065809570 0.997542500 -0.024043757 0.034646630 -0.440152228 -0.007395691 0.897892714 52.755058289
0.878128529 0.068948261 0.473430514 0.563158035 -0.063126020 0.997607112 -0.028199542 0.023725510 -0.474241942 -0.005122962 0.880379736 52.981685638
0.858671486 0.070897236 0.507598996 0.728935242 -0.062559709 0.997479141 -0.033491530 0.018198013 -0.508693814 -0.002997027 0.860942245 53.201309204
0.836949170 0.072768316 0.542421401 0.917339325 -0.062051024 0.997347295 -0.038054787 0.008954763 -0.543751657 -0.001807887 0.839244187 53.426586151
0.812324703 0.075472243 0.578301311 1.110872269 -0.062882312 0.997144997 -0.041805044 -0.000508428 -0.579805434 -0.002405662 0.814751387 53.651626587
0.784724712 0.079591773 0.614713311 1.321895599 -0.066075370 0.996812224 -0.044715285 -0.012660146 -0.616312504 -0.005528223 0.787482202 53.887214661
0.754752696 0.084133409 0.650592029 1.547445297 -0.069930859 0.996409416 -0.047727056 -0.026181817 -0.652271509 -0.009474340 0.757926166 54.115127563
0.721735656 0.085069515 0.686921358 1.808359146 -0.069380179 0.996311903 -0.050488517 -0.043318033 -0.688682914 -0.011219366 0.724975884 54.350067139
0.685072064 0.082568027 0.723780811 2.085508347 -0.065788992 0.996508360 -0.051409930 -0.064291477 -0.725498438 -0.012397308 0.688112080 54.569572449
0.645887554 0.080846436 0.759139657 2.381591797 -0.062656678 0.996635914 -0.052829914 -0.088557243 -0.760856926 -0.013442982 0.648780346 54.780773163
0.603301942 0.080161437 0.793474019 2.714181900 -0.060514338 0.996668577 -0.054678481 -0.110518336 -0.795213580 -0.015028923 0.606142938 54.999351501
0.556903839 0.080372624 0.826679051 3.071931839 -0.057238363 0.996654570 -0.058338806 -0.125987887 -0.828602314 -0.014828656 0.559641182 55.211311340
0.508219957 0.078836091 0.857611358 3.440971375 -0.053961046 0.996759772 -0.059650045 -0.155303955 -0.859535217 -0.015962271 0.510827303 55.402706146
0.459917396 0.077012770 0.884615719 3.873716354 -0.051899262 0.996860206 -0.059801772 -0.176825881 -0.886443675 -0.018407030 0.462470293 55.590904236
0.410936952 0.074689381 0.908599138 4.310886383 -0.050978519 0.996961594 -0.058896698 -0.197461367 -0.910237312 -0.022116205 0.413495928 55.748695374
0.360230356 0.074666619 0.929870427 4.768934250 -0.054164480 0.996784210 -0.059056416 -0.216929913 -0.931289673 -0.029092038 0.363116145 55.914733887
0.310387760 0.075195499 0.947631299 5.215776443 -0.052686352 0.996695161 -0.061831828 -0.239846945 -0.949148893 -0.030735396 0.313323706 56.042152405
0.263614327 0.071595348 0.961967587 5.699108124 -0.041226834 0.997166872 -0.062917441 -0.272685051 -0.963746727 -0.023072936 0.265819192 56.125503540
0.219491452 0.066095509 0.973372877 6.213612556 -0.027930072 0.997719347 -0.061450586 -0.296184540 -0.975214601 -0.013698500 0.220836937 56.200920105
0.177099526 0.064977676 0.982045650 6.744639397 -0.019313324 0.997855544 -0.062540837 -0.330063939 -0.984003484 -0.007890615 0.177974656 56.268695831
0.138603032 0.066405214 0.988119185 7.247254372 -0.015811194 0.997770786 -0.064835981 -0.352276385 -0.990221739 -0.006636885 0.139344007 56.312038422
0.105936274 0.067203484 0.992099404 7.790000916 -0.007092087 0.997739315 -0.066828206 -0.385204971 -0.994347632 0.000043479 0.106173418 56.341503143
0.077111572 0.065257750 0.994884610 8.351255417 0.000240896 0.997854471 -0.065471239 -0.422524065 -0.997022510 0.005288252 0.076930419 56.360576630
0.052255183 0.063647538 0.996603429 8.927116394 0.006902303 0.997919977 -0.064093545 -0.456473410 -0.998609960 0.010228081 0.051707186 56.375217438
0.032170132 0.062958635 0.997497499 9.485348701 0.012036845 0.997917295 -0.063373327 -0.477620184 -0.999410033 0.014045450 0.031345312 56.367828369
0.016461935 0.064882800 0.997757077 10.074173927 0.015050699 0.997763216 -0.065131508 -0.503266513 -0.999751151 0.016089134 0.015448583 56.363796234
0.002898894 0.064575791 0.997908533 10.660996437 0.015286330 0.997793257 -0.064612739 -0.539804935 -0.999878943 0.015441664 0.001905369 56.357913971
-0.008269329 0.065450370 0.997821510 11.268300056 0.016691189 0.997725606 -0.065305755 -0.574941099 -0.999826491 0.016114792 -0.009342968 56.341800690
-0.017722532 0.068209194 0.997513711 11.912745476 0.021280369 0.997470021 -0.067828141 -0.613085747 -0.999616385 0.020025376 -0.019129213 56.330421448
-0.024262648 0.069836400 0.997263312 12.532300949 0.025301680 0.997280300 -0.069222026 -0.650486648 -0.999385357 0.023552932 -0.025963642 56.301902771
-0.028930716 0.069290437 0.997176886 13.185538292 0.025578173 0.997319162 -0.068558231 -0.686947227 -0.999254107 0.023522520 -0.030625481 56.286350250
-0.032529984 0.066697136 0.997242749 13.855306625 0.023428896 0.997547626 -0.065953247 -0.720613658 -0.999196053 0.021218838 -0.034012847 56.264778137
-0.035005830 0.059774123 0.997597992 14.529121399 0.021258699 0.998028398 -0.059053954 -0.758222580 -0.999160945 0.019140398 -0.036207531 56.248889923
-0.036290310 0.054300234 0.997864962 15.213428497 0.022722930 0.998309374 -0.053498033 -0.790298641 -0.999082923 0.020732950 -0.037462816 56.220825195
-0.036863852 0.051512506 0.997991681 15.913481712 0.024963889 0.998406291 -0.050611787 -0.828236282 -0.999008358 0.023048010 -0.038091056 56.189659119
-0.036806807 0.053878777 0.997868836 16.605453491 0.028362738 0.998199582 -0.052850451 -0.864796758 -0.998919725 0.026357042 -0.038268689 56.161930084
-0.036000177 0.061437901 0.997461498 17.303449631 0.029142097 0.997748554 -0.060403794 -0.892681003 -0.998926699 0.026893573 -0.037709560 56.140167236
-0.033823356 0.069527656 0.997006476 18.013326645 0.030072790 0.997196317 -0.068520673 -0.927741528 -0.998975277 0.027665162 -0.035819411 56.121154785
-0.031307515 0.070289083 0.997035205 18.758056641 0.030756919 0.997119606 -0.069329225 -0.963838458 -0.999036491 0.028495209 -0.033379208 56.084789276
-0.029138830 0.065844126 0.997404397 19.488662720 0.030343181 0.997426450 -0.064959116 -1.006457686 -0.999114692 0.028371589 -0.031061759 56.068572998
-0.026358949 0.059267130 0.997894108 20.231147766 0.029644128 0.997848272 -0.058481362 -1.052189112 -0.999212980 0.028040197 -0.028059155 56.045940399
-0.023653539 0.057607014 0.998059034 20.969625473 0.028154565 0.997980893 -0.056935262 -1.095387697 -0.999323726 0.026753200 -0.025227673 56.037151337
-0.020427857 0.062818609 0.997815847 21.718074799 0.035411622 0.997443318 -0.062070198 -1.142624855 -0.999163926 0.034066316 -0.022600142 56.014812469
-0.017486677 0.068648688 0.997487605 22.452564240 0.037019517 0.997000635 -0.067966193 -1.180091023 -0.999161541 0.035738006 -0.019975567 56.003803253
-0.015120108 0.068790704 0.997516513 23.191349030 0.031093391 0.997180462 -0.068296216 -1.225289345 -0.999402046 0.029983521 -0.017216410 56.008083344
-0.011890495 0.065408401 0.997787714 23.945934296 0.026747670 0.997521996 -0.065072238 -1.268131495 -0.999571502 0.025914749 -0.013610554 56.012847900
-0.006991750 0.061659444 0.998072863 24.692544937 0.030853286 0.997635245 -0.061416280 -1.319670677 -0.999499381 0.030364422 -0.008877615 55.996753693
-0.003128201 0.062896825 0.998015165 25.436908722 0.035306934 0.997404695 -0.062747680 -1.363676310 -0.999371469 0.035040569 -0.005340777 55.985008240
-0.000619612 0.067401238 0.997725725 26.169065475 0.035029627 0.997115076 -0.067338228 -1.408618093 -0.999386013 0.034908239 -0.002978866 55.993587494
0.003116306 0.068253130 0.997663140 26.925466537 0.031363856 0.997170508 -0.068317391 -1.452900290 -0.999503195 0.031503469 0.000966807 56.002349854
0.007275918 0.067719504 0.997677863 27.675149918 0.030814886 0.997215331 -0.067912839 -1.497676373 -0.999498665 0.031237463 0.005168888 56.006607056
0.010787096 0.064367846 0.997867882 28.417980194 0.034747191 0.997299254 -0.064706773 -1.546527743 -0.999337912 0.035371110 0.008521361 56.014060974
0.014596011 0.065312780 0.997758150 29.168874741 0.039239179 0.997058332 -0.065840997 -1.589317203 -0.999123275 0.040112227 0.011990255 56.013549805
0.017808916 0.065974452 0.997662306 29.920024872 0.042431612 0.996871829 -0.066679582 -1.643762112 -0.998940587 0.043519925 0.014953806 56.024192810
0.020674083 0.065913960 0.997611105 30.672716141 0.042917322 0.996846080 -0.066752806 -1.688518763 -0.998864710 0.044194851 0.017780028 56.040592194
0.024035968 0.064156361 0.997650325 31.419771194 0.044343740 0.996888101 -0.065175682 -1.738198042 -0.998727083 0.045806114 0.021116238 56.065452576
0.027504405 0.063767374 0.997585714 32.161750793 0.046471789 0.996802747 -0.064998597 -1.776102781 -0.998540878 0.048147351 0.024453083 56.084072113
0.030562608 0.063635789 0.997505069 32.923076630 0.044739664 0.996883929 -0.064966954 -1.831465244 -0.998531044 0.046613596 0.027620334 56.104339600
0.033646692 0.065264381 0.997300565 33.675109863 0.041737664 0.996903241 -0.066646524 -1.875296354 -0.998561859 0.043867432 0.030818515 56.137336731
0.036395315 0.065494440 0.997188926 34.424701691 0.043781087 0.996787548 -0.067065991 -1.918548822 -0.998377860 0.046098899 0.033410978 56.163749695
0.038970165 0.064976551 0.997125566 35.187892914 0.041558370 0.996914804 -0.066587023 -1.967699766 -0.998375714 0.044033818 0.036149617 56.205730438
0.041036777 0.065801211 0.996988535 35.938171387 0.039488442 0.996942759 -0.067423560 -2.007364511 -0.998376966 0.042136379 0.038312927 56.246742249
0.043850563 0.065652356 0.996878564 36.726799011 0.036785107 0.997055650 -0.067282096 -2.059734821 -0.998360634 0.039620634 0.041306417 56.285190582
0.047355033 0.067693070 0.996581674 37.490661621 0.035400495 0.996960521 -0.069400936 -2.105376244 -0.998250604 0.038565964 0.044814728 56.323158264
0.050404370 0.071429692 0.996171236 38.253078461 0.034114867 0.996733844 -0.073196165 -2.152260303 -0.998146117 0.037673652 0.047802929 56.369739532
0.053957373 0.073401578 0.995841742 39.023838043 0.034768470 0.996551752 -0.075337738 -2.207183838 -0.997937739 0.038688917 0.051219258 56.413654327
0.056339197 0.075359136 0.995563626 39.804439545 0.028497728 0.996619701 -0.077051774 -2.262973785 -0.998004854 0.032712333 0.054001186 56.479530334
0.058950998 0.074706979 0.995461524 40.594245911 0.024399692 0.996789992 -0.076251641 -2.312953234 -0.997962594 0.028784066 0.056938935 56.537048340
0.063089706 0.075173154 0.995172679 41.369655609 0.027013613 0.996665120 -0.076998442 -2.367862701 -0.997642159 0.031741016 0.060848609 56.585391998
0.066774055 0.076395661 0.994839072 42.137104034 0.025900736 0.996595800 -0.078269020 -2.423607111 -0.997431874 0.030993408 0.064568035 56.638217926
0.070196994 0.077651434 0.994506180 42.922294617 0.021857211 0.996606410 -0.079358228 -2.474287033 -0.997293651 0.027307840 0.068261534 56.712104797
0.073962405 0.075153381 0.994425237 43.716423035 0.020985000 0.996818304 -0.076895043 -2.535290003 -0.997040212 0.026555354 0.072149985 56.781669617
0.079254732 0.075217888 0.994012535 44.528781891 0.021049824 0.996800601 -0.077107221 -2.598860502 -0.996632040 0.027034899 0.077417850 56.834285736
0.084586672 0.078676812 0.993305027 45.324451447 0.017952109 0.996595681 -0.080466181 -2.656508446 -0.996254385 0.024638291 0.082886301 56.908706665
0.089997999 0.087382987 0.992101014 46.114402771 0.015750257 0.995894134 -0.089145832 -2.718473911 -0.995817363 0.023648795 0.088252172 57.001544952
0.097743861 0.092006236 0.990949512 46.899902344 0.014910799 0.995470285 -0.093896732 -2.779051304 -0.995099843 0.023953680 0.095929213 57.078601837
0.104828298 0.094821244 0.989959538 47.679672241 0.009805598 0.995297313 -0.096370824 -2.850584030 -0.994441926 0.019809537 0.103405528 57.175941467
0.111616619 0.093364157 0.989355743 48.473487854 0.006535179 0.995486438 -0.094679952 -2.913404703 -0.993729830 0.017033476 0.110502675 57.270202637
0.119029872 0.091994867 0.988619685 49.283081055 0.006498188 0.995604992 -0.093427256 -2.979621649 -0.992869437 0.017544869 0.117908917 57.377059937
0.126949817 0.088459045 0.987956822 50.112285614 0.006111998 0.995926797 -0.089958027 -3.048618793 -0.991890371 0.017458549 0.125892043 57.482734680
0.134768605 0.082559682 0.987431705 50.916515350 0.004261766 0.996465445 -0.083896652 -3.119912624 -0.990867853 0.015514839 0.133940399 57.594245911
0.141991541 0.075322524 0.986998022 51.723236084 0.001623010 0.997081637 -0.076325551 -3.180346251 -0.989866555 0.012439488 0.141454905 57.717399597
0.148575395 0.072410844 0.986246467 52.524837494 0.000781087 0.997306705 -0.073340550 -3.252416134 -0.988900721 0.011666948 0.148118675 57.855575562
0.156129181 0.074397527 0.984930754 53.345882416 0.001171378 0.997144699 -0.075505801 -3.309935570 -0.987735927 0.012942382 0.155596212 57.991859436
0.162135109 0.081395529 0.983405828 54.135177612 0.001622741 0.996568799 -0.082752556 -3.364605427 -0.986767232 0.015012909 0.161446691 58.123485565
0.166898787 0.084687866 0.982330263 54.917144775 -0.000129796 0.996306300 -0.085870683 -3.428296804 -0.985974014 0.014204212 0.166293293 58.267829895
0.172040015 0.087255284 0.981218100 55.696357727 -0.001013006 0.996084630 -0.088399693 -3.496785879 -0.985089362 0.014214303 0.171454817 58.412357330
0.177047879 0.087050624 0.980344892 56.461975098 -0.002769906 0.996120930 -0.087951228 -3.552949190 -0.984198213 0.012856114 0.176602215 58.565528870
0.182524085 0.084273398 0.979583025 57.216995239 0.000393917 0.996313512 -0.085786112 -3.625614405 -0.983201325 0.016043911 0.181818038 58.694534302
0.187108219 0.077784464 0.979254842 57.977188110 0.001610419 0.996834517 -0.079488568 -3.678993225 -0.982338011 0.016449977 0.186390638 58.841102600
0.190536082 0.071764864 0.979053497 58.727233887 -0.000463058 0.997330844 -0.073014468 -3.738451242 -0.981680095 0.013458532 0.190060705 58.989044189
0.193776757 0.068423703 0.978656590 59.464439392 -0.003763647 0.997609258 -0.069003582 -3.794062138 -0.981038392 0.009687973 0.193571001 59.147258759
0.197044030 0.068314932 0.978011608 60.196178436 -0.005619178 0.997631669 -0.068553291 -3.848141432 -0.980378568 0.008012395 0.196961209 59.299140930
0.198541790 0.070335187 0.977565348 60.916439056 -0.007545888 0.997501791 -0.070237048 -3.898107529 -0.980063379 0.006568390 0.198576555 59.461166382
0.200124353 0.074774675 0.976913035 61.616443634 -0.011922854 0.997195601 -0.073884688 -3.950576782 -0.979698002 0.003138535 0.200454652 59.613426208
0.201907918 0.078694381 0.976237833 62.306503296 -0.013044503 0.996894479 -0.077661611 -4.003316879 -0.979317665 0.002945954 0.202307418 59.768611908
0.203886792 0.083792038 0.975402057 62.986663818 -0.013074378 0.996474683 -0.082869366 -4.057744980 -0.978907168 0.004143193 0.204263568 59.921512604
0.205628142 0.085482910 0.974889576 63.663478851 -0.012224678 0.996324420 -0.084783934 -4.116239548 -0.978553832 0.005516252 0.205917343 60.066810608
0.207402274 0.085428536 0.974518418 64.336791992 -0.014275487 0.996337950 -0.084303081 -4.168058395 -0.978151619 0.003572927 0.207862288 60.207160950
0.207821280 0.082722023 0.974662662 65.015579224 -0.014399208 0.996568382 -0.081510946 -4.223079681 -0.978060782 0.002905341 0.208299235 60.364540100
0.208571434 0.080346167 0.974701166 65.670791626 -0.014432345 0.996764004 -0.079076536 -4.275487900 -0.977900624 0.002425882 0.209056124 60.504981995
0.208489090 0.079201259 0.974812508 66.315826416 -0.013391010 0.996853411 -0.078128003 -4.325550079 -0.977932930 0.003235112 0.208893657 60.644702911
0.206800640 0.078653686 0.975216508 66.951995850 -0.013674118 0.996898413 -0.077502720 -4.373123646 -0.978287518 0.002692387 0.207234755 60.786037445
0.205258265 0.079647057 0.975461662 67.577590942 -0.014353844 0.996820867 -0.078370720 -4.419546127 -0.978602529 0.002084610 0.205748960 60.922416687
0.202829644 0.081931673 0.975780308 68.192016602 -0.015410569 0.996637106 -0.080479592 -4.478651047 -0.979092777 0.001286322 0.203410119 61.059375763
0.200705424 0.085692033 0.975896597 68.793182373 -0.013425400 0.996314049 -0.084723756 -4.528729439 -0.979559720 0.003902716 0.201116085 61.182334900
0.198906913 0.086408317 0.976201713 69.395706177 -0.011122647 0.996240258 -0.085915737 -4.575242996 -0.979955316 0.006231286 0.199120164 61.306449890
0.196753740 0.085639909 0.976705551 69.982482910 -0.011915333 0.996313214 -0.084958851 -4.617872715 -0.980380595 0.005078202 0.197048768 61.424377441
0.194389269 0.082609624 0.977439761 70.565284729 -0.012611954 0.996575594 -0.081718706 -4.670587540 -0.980843306 0.003557817 0.194765523 61.542316437
0.192324743 0.078547046 0.978182793 71.141242981 -0.011912166 0.996904910 -0.077708311 -4.721053123 -0.981259048 0.003292957 0.192665145 61.657642365
0.190600395 0.077790000 0.978580713 71.699157715 -0.008312006 0.996947527 -0.077631071 -4.765840530 -0.981632471 0.006662542 0.190665171 61.758750916
0.188816950 0.079062089 0.978824496 72.257377625 -0.004677698 0.996814907 -0.079612881 -4.813999653 -0.982001185 0.010453617 0.188585371 61.867069244
0.186198831 0.081329130 0.979140222 72.795036316 -0.001057186 0.996584117 -0.082577012 -4.851467133 -0.982511520 0.014340607 0.185648814 61.961513519
0.184821367 0.083413348 0.979225814 73.344314575 -0.001475501 0.996414006 -0.084598988 -4.890476227 -0.982770979 0.014190852 0.184281662 62.061294556
0.183309183 0.085830800 0.979301274 73.887420654 -0.001760334 0.996208191 -0.086983122 -4.935146332 -0.983053684 0.014220905 0.182765245 62.171279907
0.182779282 0.084190592 0.979542553 74.440994263 -0.000039964 0.996327341 -0.085625768 -4.982180595 -0.983153999 0.015611470 0.182111353 62.260181427
0.183297515 0.082581736 0.979582667 74.984466553 0.005934392 0.996354222 -0.085106067 -5.027594566 -0.983039558 0.021412959 0.182139188 62.359687805
0.185187176 0.080514289 0.979399383 75.530456543 0.010823059 0.996410370 -0.083959192 -5.069767475 -0.982643723 0.026148265 0.183651015 62.457103729
0.187580258 0.079895176 0.978994608 76.080871582 0.013991062 0.996368051 -0.083993770 -5.107852936 -0.982149661 0.029452747 0.185781091 62.550670624
0.191147208 0.079896733 0.978304327 76.637664795 0.011189992 0.996439457 -0.083564192 -5.151076317 -0.981497645 0.026920281 0.189572558 62.660751343
0.196405411 0.080476798 0.977214694 77.199287415 0.010167299 0.996405363 -0.084100693 -5.197052002 -0.980470061 0.026453467 0.194881201 62.786743164
0.203009889 0.079695269 0.975928247 77.762451172 0.011292599 0.996425569 -0.083718158 -5.233377457 -0.979111612 0.028016377 0.201384291 62.903194427
0.210642770 0.079952985 0.974288046 78.320495605 0.009362835 0.996439040 -0.083795011 -5.275371552 -0.977518260 0.026772914 0.209144086 63.032157898
0.218328252 0.077533804 0.972790420 78.906745911 0.010018787 0.996608257 -0.081680685 -5.324730873 -0.975823998 0.027579386 0.216810897 63.192054749
0.227825508 0.076852903 0.970664322 79.489051819 0.006672403 0.996733665 -0.080483049 -5.372130394 -0.973679125 0.024812754 0.226568550 63.329200745
0.237336829 0.077153690 0.968358815 80.047134399 0.005244928 0.996724665 -0.080699228 -5.405804634 -0.971413195 0.024231870 0.236154854 63.468715668
0.246694267 0.080896012 0.965711117 80.630760193 -0.000166876 0.996513367 -0.083433628 -5.451880455 -0.969093382 0.020421447 0.245847613 63.638534546
0.255853713 0.083349429 0.963115633 81.225753784 -0.003606933 0.996351600 -0.085267514 -5.491324902 -0.966708720 0.018342121 0.255220830 63.815856934
0.267339468 0.085877806 0.959767997 81.830520630 -0.007556283 0.996177018 -0.087030828 -5.540729523 -0.963572800 0.016014490 0.266966313 63.985469818
0.277414113 0.087556586 0.956752419 82.439102173 -0.008975228 0.996031523 -0.088548772 -5.593786240 -0.960708499 0.015977606 0.277099013 64.177436829
0.287053794 0.088548310 0.953813016 83.049148560 -0.012309052 0.995977163 -0.088758208 -5.636767864 -0.957835376 0.013737849 0.286988944 64.367050171
0.297319949 0.089057624 0.950615346 83.678344727 -0.012833672 0.995923162 -0.089288309 -5.682834625 -0.954691708 0.014347313 0.297250658 64.575325012
0.307339072 0.089999586 0.947334528 84.323402405 -0.017209606 0.995880425 -0.089028358 -5.733777046 -0.951444447 0.011058634 0.307621807 64.801765442
0.317440152 0.085043512 0.944457173 84.971145630 -0.016518198 0.996315360 -0.084161140 -5.782792091 -0.948134422 0.011115395 0.317675263 65.034790039
0.328725308 0.078334250 0.941171229 85.634010315 -0.013310853 0.996839523 -0.078318425 -5.828295708 -0.944331765 0.013217461 0.328729123 65.265319824
0.339537472 0.073819540 0.937691331 86.299758911 -0.011452075 0.997166157 -0.074354887 -5.878837585 -0.940522850 0.014507761 0.339420676 65.513771057
0.349983692 0.070433676 0.934104145 86.975257874 -0.012310083 0.997429013 -0.070596270 -5.929646492 -0.936674953 0.013208647 0.349951029 65.771163940
0.359416902 0.068194367 0.930682003 87.646514893 -0.006004143 0.997474611 -0.070769779 -5.966483116 -0.933157802 0.019847907 0.358918697 66.031433105
0.368122727 0.062353253 0.927684188 88.350646973 0.001044113 0.997720361 -0.067475006 -6.008463383 -0.929776669 0.025807692 0.367218465 66.307472229
0.375302315 0.053228151 0.925372779 89.069793701 0.010641386 0.998036504 -0.061723631 -6.048495770 -0.926841378 0.033012271 0.373999059 66.588973999
0.381938666 0.049083725 0.922883332 89.771522522 0.015065382 0.998125255 -0.059320360 -6.095056057 -0.924064875 0.036560323 0.380483180 66.875953674
0.389389813 0.048780072 0.919780433 90.479522705 0.017414071 0.998028159 -0.060302176 -6.145049572 -0.920908451 0.039498169 0.387772590 67.178405762
0.396871090 0.055406198 0.916200519 91.191543579 0.019306824 0.997451723 -0.068682916 -6.183788776 -0.917671263 0.044947188 0.394789994 67.487518311
0.403892338 0.059755959 0.912852943 91.904243469 0.023160117 0.996876538 -0.075503424 -6.226305485 -0.914513350 0.051637031 0.401246786 67.800910950
0.409009278 0.061808381 0.910434663 92.608917236 0.021176932 0.996791899 -0.077184722 -6.279872417 -0.912284493 0.050849486 0.406388164 68.124465942
0.413313299 0.063220724 0.908391654 93.297393799 0.014231777 0.997016609 -0.075864077 -6.337308407 -0.910477698 0.044283658 0.411180526 68.454490662
0.417336583 0.066910163 0.906285405 93.989852905 0.007512593 0.996997654 -0.077066839 -6.394139290 -0.908720851 0.038971376 0.415580928 68.790031433
0.421710074 0.070275180 0.904003322 94.681953430 0.006471491 0.996733367 -0.080502704 -6.451791763 -0.906707644 0.039799049 0.419877738 69.111656189
0.425601065 0.074299097 0.901855528 95.352081299 0.003454182 0.996482790 -0.083725035 -6.510452271 -0.904904366 0.038748633 0.423847526 69.439254761
0.429426551 0.077215545 0.899794757 96.015342712 0.000557133 0.996315181 -0.085764319 -6.568391800 -0.903101623 0.037330776 0.427801192 69.757789612
0.433211565 0.075642273 0.898112476 96.667747498 -0.000692916 0.996499479 -0.083594553 -6.629164696 -0.901291966 0.035591815 0.431747675 70.081565857
0.437048852 0.072688311 0.896495759 97.322547913 0.000189074 0.996721685 -0.080906838 -6.689992905 -0.899437666 0.035529751 0.435602337 70.410263062
0.440456986 0.069926567 0.895046353 97.961997986 0.000227167 0.996953309 -0.077999964 -6.740321159 -0.897773802 0.034558948 0.439099163 70.729393005
0.444235265 0.069062412 0.893244326 98.595031738 -0.000862970 0.997056961 -0.076659665 -6.798050404 -0.895909727 0.033284076 0.442987472 71.050140381
0.447366297 0.070895426 0.891536534 99.203346252 -0.003174332 0.996972740 -0.077686936 -6.849470139 -0.894345164 0.031924479 0.446237028 71.366119385
0.449770778 0.071502075 0.890277386 99.811035156 -0.002558896 0.996889353 -0.078771785 -6.905633926 -0.893140316 0.033151127 0.448554665 71.685012817
0.451941460 0.069114633 0.889366150 100.407958984 0.000070923 0.996991217 -0.077514447 -6.957881927 -0.892047584 0.035095066 0.450576723 71.989227295
0.453812450 0.068385638 0.888469279 101.008979797 0.001431153 0.996993661 -0.077469781 -7.011675835 -0.891095996 0.036428288 0.452350289 72.292228699
0.456010967 0.068021379 0.887370825 101.599502563 0.000702328 0.997047067 -0.076789528 -7.057610035 -0.889973879 0.035640087 0.454616576 72.594223022
0.457793325 0.067448795 0.886496365 102.173927307 0.002081553 0.997034073 -0.076933935 -7.107473850 -0.889056265 0.037065126 0.456295133 72.896179199
0.460473269 0.069604591 0.884940445 102.738098145 0.001265852 0.996868491 -0.079066932 -7.150499344 -0.887672722 0.037528407 0.458943188 73.188446045
0.463580102 0.068973936 0.883366346 103.297645569 0.004722491 0.996759057 -0.080306031 -7.203915119 -0.886042476 0.041399956 0.461751848 73.480255127
0.466559410 0.068510681 0.881832600 103.847877502 0.006221882 0.996716738 -0.080728039 -7.252505302 -0.884468019 0.043151081 0.464601278 73.773139954
0.469471306 0.066779070 0.880418837 104.388061523 0.009082127 0.996717811 -0.080443181 -7.306430340 -0.882900953 0.045761835 0.467323869 74.077751160
0.473055869 0.065903172 0.878564060 104.903121948 0.010229017 0.996720314 -0.080274083 -7.348996639 -0.880973041 0.046960980 0.470830292 74.329498291
0.476252854 0.065347493 0.876876831 105.421386719 0.011621547 0.996679783 -0.080587499 -7.393654823 -0.879231632 0.048570693 0.473912090 74.613540649
0.479753554 0.064649977 0.875018299 105.938011169 0.012038838 0.996702731 -0.080241181 -7.442112923 -0.877320647 0.049030196 0.477393389 74.899673462
0.482968450 0.063879520 0.873304605 106.445892334 0.013825290 0.996654928 -0.080548078 -7.487054825 -0.875528634 0.050975874 0.480469674 75.186828613
0.487191707 0.065090820 0.870865941 106.951225281 0.013307882 0.996549249 -0.081929617 -7.532985210 -0.873193622 0.051504813 0.484644353 75.463668823
0.490747452 0.065310121 0.868850648 107.447608948 0.015094994 0.996399820 -0.083423786 -7.584001541 -0.871171057 0.054055322 0.487994850 75.764709473
0.495988190 0.068949267 0.865587473 107.926376343 0.012797135 0.996153772 -0.086682513 -7.626211166 -0.868234932 0.054070543 0.493198216 76.036392212
0.501482546 0.074646875 0.861941457 108.408721924 0.009406071 0.995741606 -0.091706894 -7.673399925 -0.865116596 0.054096892 0.498644948 76.325424194
0.507166862 0.081696644 0.857967019 108.892997742 0.004141013 0.995254517 -0.097217187 -7.724379063 -0.861837924 0.052858192 0.504421830 76.629997253
0.512844026 0.087779306 0.853982270 109.371025085 -0.001006550 0.994819582 -0.101651236 -7.779519081 -0.858481169 0.051271655 0.510275662 76.939193726
0.519011199 0.092309393 0.849768400 109.840782166 -0.004618103 0.994439840 -0.105204284 -7.832361221 -0.854754925 0.050677884 0.516551733 77.251625061
0.525003552 0.092959419 0.846008182 110.328361511 -0.009247528 0.994581699 -0.103545986 -7.878712654 -0.851049781 0.046538532 0.523018539 77.547546387
0.530546963 0.092115857 0.842635512 110.824188232 -0.015701342 0.994975090 -0.098883428 -7.930913448 -0.847510159 0.039231792 0.529327333 77.877578735
0.535947382 0.089513548 0.839492559 111.315193176 -0.021800011 0.995499015 -0.092230685 -7.985301018 -0.843969762 0.031129863 0.535486519 78.216979980
0.541978598 0.087927297 0.835779846 111.821052551 -0.027879708 0.995845377 -0.086687647 -8.036493301 -0.839929640 0.023681555 0.542178333 78.560874939
0.547976732 0.086030260 0.832057774 112.329826355 -0.030712955 0.996095717 -0.082763955 -8.087331772 -0.835929573 0.019797774 0.548479497 78.912368774
0.554401994 0.089682981 0.827402771 112.842079163 -0.035703037 0.995824575 -0.084015541 -8.131546021 -0.831482887 0.017037587 0.555289090 79.270805359
0.560546219 0.093698941 0.822805285 113.354431152 -0.039914932 0.995480597 -0.086170211 -8.179193497 -0.827160776 0.015460167 0.561752737 79.637886047
0.566332102 0.096997231 0.818449557 113.885093689 -0.042810775 0.995171905 -0.088317975 -8.232727051 -0.823064506 0.014978849 0.567750394 80.025154114
0.572805345 0.099117652 0.813676715 114.420951843 -0.044991691 0.994967461 -0.089528620 -8.280868530 -0.818455756 0.014673783 0.574382126 80.412590027
